44.200642
4.966088 4.938661
4.992072 0.003757
0.000001 0.000000
0.001177 4.999071
0.000006 2.516285
5656.000000
4.988499 0.366259
3.523783 0.000150
0.000354 0.015202
4.955406 4.911706
0.695507 0.000380
0.107278 4.934246
0.013115 0.884275
0.003480 4.986025
0.387712 0.001378
0.017670 4.991305
4.986512 4.013628
0.005173 0.208427
0.000243 4.982446
4.940457 1.437876
0.007570 3.988060
4.929898 2.536635
4.988437 0.153406
4.998369 0.021400
4.845448 4.960521
0.000838 0.000240
0.161917 0.000158
4.897675 4.835661
4.691057 0.009987
1.401740 0.006578
4.996565 4.412148
4.960767 4.816615
4.875587 0.739838
0.007949 0.071338
0.756916 4.743147
2.626502 0.002268
4.902843 4.600905
4.992491 2.914026
0.116931 4.961480
2.442979 4.957858
4.930491 0.016930
4.986291 0.055275
4.990299 0.000468
0.046309 0.001062
4.996217 0.024169
0.304576 4.945206
4.956888 4.824018
0.001369 4.501090
4.877336 4.869327
0.004924 2.462808
0.000353 4.973947
0.005631 4.907605
4.928722 0.048662
0.007611 1.645283
4.771858 4.966821
3.963306 4.936601
3.966093 0.005654
0.000202 0.004156
1.487088 4.983971
0.027946 3.598326
0.002014 0.504356
20576.880859
0.024915 4.731063
4.970436 1.328997
4.972351 0.010741
4.974240 1.721514
4.607428 0.083412
0.349881 4.952623
4.996189 3.632550
0.000135 0.005109
0.734284 4.803019
0.002731 0.000774
4.918075 4.885275
2.846029 4.874548
0.417839 4.981829
0.085535 0.015042
0.011801 0.811499
0.016764 4.572661
4.427880 0.048151
3.885091 0.006127
0.025511 4.946117
4.961803 4.790762
4.895220 4.778270
4.985991 1.029786
4.875742 0.011909
0.002194 0.091790
0.365350 0.007686
4.794387 4.596161
0.000518 4.773517
1.188059 4.917802
0.005830 0.231667
4.965616 4.895656
0.030055 4.996545
4.920743 4.660711
4.856287 0.030123
0.028668 1.353820
4.919704 0.171665
4.995154 0.240858
4.651781 4.787938
4.936441 2.999464
0.007235 0.020259
0.028376 0.082060
0.004803 0.011718
0.042957 0.006547
4.889261 0.480023
4.697805 4.920524
0.048500 3.833172
4.819815 4.951598
1.201089 0.078011
4.973330 0.149502
4.717608 4.923593
0.073114 1.533428
0.841387 4.963821
4.955199 3.233914
2.488081 4.892970
0.031885 0.020362
3.738709 4.951526
0.006459 1.130550
4.817735 4.167680
4.970297 0.167620
4.976017 4.787732
1.340873 4.941538
2.145660 0.010327
4.997200 0.615913
4.836450 0.780549
4.451190 0.051551
1.771341 0.030659
4.887837 4.931370
0.058572 4.922460
4.071314 0.065528
4.827634 0.023892
4.895404 0.079192
0.018507 3.033453
0.032947 4.906798
0.016525 0.004862
4.917348 1.151901
0.006705 4.847380
0.209561 0.042477
3.570757 0.014154
0.009469 2.327160
1.084254 0.025909
0.013193 2.941672
4.978523 4.570438
0.043175 0.482772
4.985336 3.773563
0.271616 4.816686
0.158032 4.883405
3.881692 4.960470
4.996036 0.003888
4.752886 0.027318
0.003584 3.881479
0.024326 0.000393
0.044433 4.996105
4.890490 4.473302
0.161902 0.000024
0.719596 0.001154
4.946815 4.450045
0.007950 0.002356
2.808022 0.002609
4.430520 4.939504
0.008276 4.955400
0.000088 4.477080
0.035269 4.873400
4.692661 4.947439
0.002589 4.271636
4.964342 0.017415
0.017085 4.998614
44693.218750
4.649797 4.665040
0.013396 3.121191
4.998196 0.042867
0.012937 0.015210
4.927742 4.598415
4.791440 1.516329
4.980774 0.053252
4.999397 4.117589
2.928022 4.811327
3.747218 4.741377
0.005928 0.018747
4.102885 4.908638
4.981044 0.411320
0.026690 0.005345
0.466032 4.983512
0.010028 0.122833
4.808033 0.077548
0.259162 4.955302
0.004206 1.511125
0.029555 0.007274
0.038731 4.880553
4.712030 4.258177
4.805320 4.659357
1.195225 4.933649
0.116268 4.454229
4.917996 0.925177
0.071986 3.721160
0.302071 0.019250
0.002383 4.706450
4.891474 0.477681
1.562689 0.019426
4.979413 0.255336
4.417528 0.104929
4.381815 4.969034
0.001264 0.733041
1.193424 0.045630
4.753567 4.972819
4.909515 0.219895
4.983914 1.279909
0.258434 2.472502
0.869883 0.011942
0.409552 0.000209
0.011012 0.001378
4.983274 4.799481
4.611678 1.686282
4.036321 4.937556
4.934208 0.725732
4.878103 2.870800
4.996590 2.554006
4.696001 1.219130
4.555012 0.005056
0.010806 2.872056
4.995311 2.019800
0.718226 4.815341
0.039764 0.083262
0.029764 0.000289
4.823999 0.092813
4.797537 4.962069
1.958330 4.962179
0.324174 0.010013
4.823230 4.272112
4.540811 4.757438
4.997844 4.935733
0.965605 4.994433
2.489739 4.799922
0.037672 4.731300
0.106494 3.752524
0.034183 0.185721
4.895597 4.991500
0.093584 0.007660
3.840130 4.784723
0.034529 4.684772
1.754416 0.021928
1.466328 4.828244
4.991634 0.512199
0.019272 0.020709
3.225035 0.055638
0.038249 4.923776
4.977169 4.930101
0.491411 0.036890
0.961922 4.665970
0.029034 4.973276
2.460449 0.011891
0.010199 4.925102
4.772983 0.011657
4.949941 0.012972
4.920761 4.797841
3.765630 0.017984
3.578818 4.755158
4.316965 4.943222
0.026550 0.125673
0.201466 4.894638
0.052380 0.105784
4.949105 0.555070
4.987245 0.165899
0.081018 0.098450
4.674314 0.468658
4.800157 3.594099
4.282690 4.972329
4.600646 0.016585
4.614014 4.945471
4.917081 0.152760
0.090243 4.767120
0.377844 4.935390
0.022229 0.002910
2.783393 0.050421
0.003581 0.163621
0.190034 1.162795
4.846521 4.907905
4.969788 4.275442
0.067996 0.007726
1.008006 4.997960
4.997816 2.961980
0.169605 4.482356
1.179293 0.150159
4.458925 0.028184
4.968439 0.219541
4.964360 0.009106
0.189474 4.970903
4.738429 4.757414
4.958513 4.636944
0.027002 0.833533
0.078385 1.845690
4.917091 4.805980
4.762439 0.060155
0.313334 0.048788
4.973794 0.019482
0.064582 4.836307
0.097280 4.938408
2.031749 0.020371
0.067651 4.830435
0.012795 0.017666
4.997970 4.806186
0.070821 4.959418
0.204959 0.688638
0.061087 0.006834
4.440347 4.795525
4.845184 0.017057
0.013308 0.508352
0.004091 3.924110
1.555703 4.993695
0.001596 2.560184
0.413109 4.951952
0.543671 4.998812
4.936652 4.866481
4.982968 0.070914
4.791074 0.200115
4.844922 4.148528
4.872097 0.108697
0.186675 4.681037
0.041540 4.946481
0.065825 4.985629
0.013794 0.013788
4.876922 0.351409
0.077532 4.789880
119797.835938
4.935653 4.953007
4.861946 0.524309
2.033506 4.842150
3.175117 4.949865
0.001098 2.309185
4.995599 0.026088
0.271402 4.926084
4.876164 0.031060
0.007981 0.096151
0.000165 0.209931
0.232357 0.031280
0.177070 0.049261
0.405224 4.654675
4.197501 4.979833
0.099536 0.216710
4.825593 0.150347
0.009844 0.001982
4.514990 4.601325
4.779658 0.037557
4.968866 0.111045
4.576503 4.894629
0.075055 4.840421
0.121614 4.817104
0.917156 4.906458
0.004815 0.002739
4.996087 0.043130
4.084211 4.772410
4.951818 0.597587
3.273907 4.998546
0.058701 0.081501
0.024857 0.005666
0.002766 0.378211
0.178356 4.910979
2.988805 4.895265
1.324671 4.983849
4.859865 4.382512
0.000716 0.018035
0.086556 2.897302
4.999980 0.433386
0.001530 0.038996
0.114670 4.790414
0.104244 4.918079
4.562824 0.778735
4.792162 3.381131
0.162490 4.664473
0.015251 0.001175
4.940829 2.081155
1.924319 4.914732
0.073782 4.999982
4.544828 4.924144
4.988351 1.103084
0.073140 0.006755
4.449009 3.881217
0.144845 3.959983
4.489063 0.151493
3.134001 4.510344
0.000931 4.765010
3.709224 0.074581
4.704419 4.308990
0.171739 4.896611
0.052025 0.210111
0.006278 0.065408
1.173065 0.039423
4.762050 0.499577
4.923205 4.749794
1.124653 0.110969
0.985967 0.032439
0.190674 4.696060
4.842966 1.270218
0.106438 4.916767
0.318940 0.018313
0.003681 3.203373
4.130186 4.877629
0.018895 1.280337
4.956266 0.177949
0.073267 0.058540
0.235822 2.789364
4.792716 0.152331
4.549460 4.545786
0.533941 0.291060
4.551953 4.787288
1.587604 0.117443
4.349685 2.585054
0.145118 3.508844
0.064947 0.063164
0.079860 3.574817
4.698287 0.197136
4.858298 0.192284
0.650133 0.015561
4.528391 0.142071
4.809448 1.657616
4.154799 4.706311
4.801779 4.833337
0.032075 0.181296
0.030060 0.581320
0.102934 4.885926
4.816119 0.127441
4.410658 4.707769
3.926713 0.050387
4.682627 4.678360
0.631649 4.861784
1.328099 4.986824
4.925975 0.337843
0.040939 0.228599
4.903665 0.173168
2.949676 4.941806
0.238311 0.827721
0.015886 0.004722
0.875241 0.449935
0.064350 4.215419
3.069611 0.065016
0.005935 4.221417
0.050402 4.917735
0.460737 4.413231
0.003548 0.074817
0.002078 0.383574
1.637301 4.811946
3.526210 4.774622
4.796838 4.614301
3.386246 0.057714
0.928926 4.958989
0.185457 4.111025
0.006088 1.578510
4.956753 4.679385
1.163780 0.450846
0.123144 4.990041
4.649852 0.042442
4.892560 0.397738
0.004491 0.012196
0.962908 4.874097
4.837555 0.124681
0.002452 1.049754
0.007198 4.749447
0.051706 0.049151
0.128762 3.672349
4.675025 4.910934
0.064272 0.837402
0.751755 0.027876
0.948813 0.082761
0.038455 4.986066
0.085035 1.524793
4.898317 4.482941
0.055992 4.542224
4.936337 4.567836
0.080197 2.947133
4.814219 1.501774
1.506100 4.564496
0.003276 3.785454
4.790267 0.041959
4.895082 4.029256
0.048845 3.597286
4.942108 1.505323
4.877110 3.895531
0.012339 0.017614
0.195441 0.046675
0.478222 4.869947
0.032253 0.140588
3.940243 0.017431
0.532296 4.856081
3.416806 4.021094
4.821895 4.076568
4.574841 0.282009
4.325784 4.906080
0.283253 0.021951
4.813852 4.865657
0.465483 4.862855
0.004864 2.621826
2.567289 0.104488
2.730083 0.241573
3.048311 0.026972
4.043393 0.106953
0.317075 4.813344
0.810357 4.842468
2.161095 0.181677
4.666102 0.044628
4.807933 0.214782
2.294247 0.015673
3.980786 0.000543
0.768714 0.244233
4.787661 0.186487
0.354218 4.953376
0.011976 0.093149
4.705020 4.947740
3.863479 4.859840
4.997905 0.470574
0.460623 4.564352
4.785194 0.029128
4.248936 4.700651
0.102612 4.545043
4.852693 0.131422
0.230532 4.660626
0.346204 4.451869
0.003397 4.160763
0.265426 4.796219
4.524822 4.078968
4.717793 4.813995
0.153429 4.729769
4.907144 4.858449
0.490275 0.309060
4.796294 3.975036
4.808270 4.329142
0.366125 0.116094
0.377490 0.354270
1.483712 4.889459
1.377986 4.788416
4.747553 0.352334
4.880364 4.868957
4.642630 0.500493
0.018041 0.042496
4.911499 4.885372
4.041124 0.519870
1.883236 0.032333
4.910770 0.056042
3.236507 0.058422
4.578980 4.925754
4.977226 0.444716
3.977630 4.854260
4.286123 4.570955
4.829463 2.595715
0.014930 0.000100
4.971306 1.140922
0.089109 0.067370
4.902078 1.990018
0.004850 2.354140
4.722517 0.397079
4.185855 4.890756
4.719611 0.142432
4.790283 0.343999
4.930422 0.004172
4.953083 2.888617
4.834898 1.994239
4.932466 4.646024
0.021141 4.234656
0.007335 4.217008
0.252783 4.987846
0.801818 4.743608
3.430779 4.986845
0.007831 0.304821
4.972231 1.733138
4.929454 0.470792
0.055844 0.032501
4.156985 4.633428
0.005806 0.032496
4.808216 1.073859
4.788082 2.814278
4.239613 4.672471
4.952354 4.516544
4.840884 0.715962
0.124932 4.957557
0.005881 0.205008
4.142198 4.983418
4.850601 2.316480
0.036622 4.802138
4.571248 4.745039
4.975788 0.120656
