21005736.000000
2.349621 1.801215
4.828226 3.181084
4.598708 4.308269
0.569769 0.257828
4.064458 2.728321
0.135258 4.974349
0.047993 3.564828
1.601287 0.025174
2.160450 0.332465
2.328838 4.997560
0.853464 0.415475
0.401767 3.978359
4.688115 4.866117
0.131579 4.627783
4.160348 0.487057
0.222682 0.674096
3.298878 0.961040
3.882372 1.005169
0.776889 0.413952
2.874022 0.040421
0.141582 0.039937
0.048506 0.953686
4.314547 3.613322
1.292898 1.269593
0.612117 3.566556
3.275918 4.790997
4.814598 4.133255
0.024405 0.016684
4.314946 0.440453
0.786909 1.762905
0.408419 2.500062
1.169191 3.590713
0.194108 0.004940
0.006215 0.015611
3.660830 0.429350
4.595731 1.856725
0.000191 0.071197
4.876068 4.879622
0.339428 0.235816
0.282245 0.048193
0.590085 0.162016
4.960369 3.124418
0.001940 0.135330
0.481959 0.133549
4.346926 4.471319
3.028313 0.300268
3.715212 4.740602
3.592535 3.993856
4.463171 4.994908
0.406930 0.621429
1.088081 3.570163
4.731254 4.815815
0.089768 4.724187
4.695437 2.843423
0.601304 2.081843
4.459311 0.407463
3.209273 4.415875
4.453680 3.549708
3.817536 4.563816
4.610480 2.784936
3.955793 1.383134
2.575287 0.194909
1.208842 0.453034
0.024993 4.609856
0.120671 1.344104
0.228554 3.529805
2.450216 0.062719
4.594583 1.279713
4.649533 3.876264
1.556415 0.087650
2.429511 1.246446
4.882838 1.016995
0.188647 0.247240
0.046713 4.098254
0.663918 4.882699
0.695200 1.230983
1.265833 2.909365
0.073603 1.184612
4.563724 0.306220
0.091498 4.548265
0.457173 1.766376
0.064805 0.192291
3.401574 0.773858
4.622432 3.051107
4.650122 0.997828
4.818328 0.802230
0.239646 4.122508
3.732171 0.047328
0.618087 0.046402
0.133090 0.014335
0.633626 0.957700
4.633798 2.450557
4.883815 0.133506
2.999522 4.993986
4.933766 0.084053
4.533847 0.467704
4.846785 0.202981
0.112214 0.244819
0.000989 0.306439
1.453906 4.397857
3.677983 0.508424
1.289629 4.251795
1.101156 0.063601
4.702380 0.794350
2.959306 0.998037
0.005589 3.903695
2.019873 3.212105
4.553901 3.250121
3.388551 0.651363
0.114523 0.093493
4.971663 0.427866
4.617113 1.449061
0.457530 0.665132
4.166639 4.459790
0.219207 0.029373
0.940586 0.252465
0.012825 1.436900
4.525919 0.022984
0.831058 0.168233
0.013227 2.470584
3.320418 2.442178
4.548307 0.732451
0.171939 0.887605
3.719627 4.899600
1.048607 4.973344
0.227224 3.343541
4.505591 4.864023
1.420036 4.810917
1.614251 0.281037
0.474754 0.398054
0.243973 0.066300
0.003992 0.001227
2.892890 4.915476
4.137916 0.485883
4.752357 0.588715
4.790711 4.189207
0.562361 0.040796
3.634177 3.834036
3.132128 0.570200
0.587579 0.117980
0.399779 2.757650
0.301317 0.213638
1.050519 3.862157
1.682656 0.050114
4.821797 4.966458
4.415294 4.120129
0.318381 0.021397
0.339378 0.094490
4.658266 1.262582
0.777235 1.087324
0.646277 0.930042
0.390414 2.336267
4.254160 0.172362
0.393782 4.134615
3.995868 0.206485
2.579120 3.036752
1.076367 0.367325
0.161908 1.142621
3.513829 4.235825
0.175303 0.224738
4.468037 0.780146
4.277148 1.121154
0.033195 0.433736
2.929177 0.567749
0.256675 1.176628
0.540656 0.228247
4.374973 0.892844
4.845046 3.182771
4.950358 0.897585
2.093326 4.187119
2.064494 1.190983
1.563391 0.023375
0.193373 0.551618
0.232981 0.150385
3.341565 2.748548
0.255052 0.138824
4.903694 0.025019
0.014895 3.179521
4.087060 4.852858
4.763762 0.253704
0.766872 3.745246
2.484806 4.906386
4.488926 2.329852
3.089157 4.439284
4.052250 3.955161
2.725772 0.265449
0.019984 1.084915
0.234225 4.885539
0.623941 0.290152
0.040304 1.629298
3.975132 4.167778
0.010981 0.286706
0.452637 0.293058
2.368431 0.080268
0.388614 0.783097
3.278871 4.213841
2.355717 0.043171
0.424363 3.567350
2.165003 3.502676
1.866804 1.218123
0.001984 0.126479
0.349952 0.546889
1.369521 2.059921
0.094914 0.251230
4.622813 0.436696
4.924410 3.597946
4.604473 3.469930
2.218819 0.233739
4.358352 1.940463
0.400602 3.635087
0.029969 0.046723
0.408647 0.287130
2.178127 4.197058
4.547093 4.343130
3.317426 4.390519
0.390793 0.532585
0.764702 1.567500
1.264776 1.824579
2.160482 0.077645
4.969748 1.783296
0.514340 4.894158
0.381242 0.118813
4.503101 3.638490
0.452217 1.131326
1.386011 1.620004
4.913205 4.903245
0.030166 0.298704
0.031062 2.024087
0.470380 3.368156
0.389755 1.957951
4.801087 3.233420
1.067998 0.199005
0.316020 0.030996
0.027646 2.948341
0.588666 0.043980
4.295257 4.112176
0.055605 4.676498
0.019489 0.006648
0.516049 0.019224
1.104541 4.859697
1.072372 0.034506
4.762943 1.504407
0.875590 0.005830
4.857962 3.944754
4.828678 1.160642
1.177807 3.986352
3.630214 2.139168
3.804213 0.594206
0.659359 4.750483
1.493652 4.257195
4.911930 0.788909
3.369370 4.967535
0.024939 0.009167
0.222890 1.877051
0.446698 0.596678
4.087055 4.804134
0.509515 3.593404
2.437216 0.576759
4.398219 4.520161
0.327132 4.461716
0.244628 0.023891
3.064823 1.284149
2.102743 1.433155
2.140634 4.855696
0.737731 4.223763
3.905181 0.228857
0.000382 0.446567
1.794246 0.269642
0.008997 0.000755
2.788647 1.630250
4.498426 3.307912
0.872518 0.002576
0.228846 0.291723
0.267186 0.461085
4.438549 3.698881
3.961327 4.585362
0.086640 0.150900
0.345335 1.174733
0.461306 0.035675
4.594820 0.121468
0.001465 0.830712
4.530407 4.637095
0.002655 0.973353
4.405707 4.388239
4.438354 3.715563
0.000042 2.126474
4.774926 3.594616
2.905816 0.608127
0.696616 0.376253
1.347953 0.515184
4.495302 0.086437
1.272956 0.151876
0.148989 0.381452
4.451711 4.677754
0.247674 0.969920
0.053059 0.152819
4.038415 2.609398
2.401306 4.830337
0.194778 2.981282
0.154891 4.759665
0.041143 4.782766
0.225639 4.162863
2.855381 4.817799
3.387014 1.159930
0.124625 0.086467
0.129742 0.272817
0.058858 3.057947
0.416377 1.449780
0.074546 0.016081
1.926133 4.269874
0.784695 0.019660
0.083144 1.223645
0.002384 0.114673
2.637312 4.212132
0.752767 3.845471
4.825854 1.397707
0.228093 0.374498
2.309454 4.923740
2.607423 0.328535
0.470338 4.257343
0.160468 0.199234
4.323397 4.950320
0.340065 4.954755
0.027212 3.407178
0.312753 0.720553
0.012787 0.287306
2.997191 2.267431
4.412339 2.974431
0.266057 0.396204
2.965652 0.507526
0.206411 0.198400
3.079343 1.137494
0.944995 0.331315
0.246555 0.403061
2.784885 4.018466
0.359313 4.785979
0.564014 4.682710
1.235820 1.692966
4.444745 0.090285
0.479926 4.658581
0.006837 0.896584
0.205919 1.726395
4.594887 4.886343
2.622471 4.864794
3.371747 4.190656
1.926226 4.949108
4.893337 1.766137
0.281984 3.442246
4.251857 4.404808
4.942957 4.066807
3.026018 0.245458
2.344059 0.090980
0.032971 0.373820
0.045633 1.272955
0.572836 0.504181
4.244466 4.806324
1.613358 0.203278
0.097920 0.320293
1.090718 3.177739
0.005267 0.336804
1.569528 3.014419
0.032899 0.000823
1.995543 4.861246
0.009509 0.376053
1.978735 3.779339
0.080119 0.327410
0.455031 4.273515
0.124077 0.146836
0.146486 0.543274
4.545130 0.485232
2.791228 4.217166
0.117825 0.253868
0.273737 4.935986
0.098482 4.862568
0.058862 0.147777
1.881082 1.046988
0.064757 0.141909
0.516175 0.816680
0.365614 0.910292
3.382072 4.519000
2.112084 0.990295
2.945928 2.710347
0.032060 4.422977
1.805651 0.921396
0.507295 0.596190
0.027235 0.103991
0.001822 1.086808
0.734056 0.081426
0.053135 0.347221
4.695802 0.565385
4.852298 4.907828
0.657346 3.738551
2.045288 4.965656
3.060377 4.259393
0.134260 0.036464
0.370768 4.114501
4.339042 0.140690
3.983629 4.309267
2.610219 4.809505
4.972039 2.063543
2.855705 4.699055
1.052469 4.533828
0.140496 0.013878
4.894011 0.524860
0.124305 2.340982
0.227643 4.256991
1.407226 2.845280
0.101230 4.654396
3.784397 0.068561
3.469277 0.525870
0.426658 0.099816
4.824189 1.067973
0.163658 4.729825
0.377240 3.436300
3.617323 0.349278
0.103003 2.048183
0.063494 1.600621
0.637687 0.151003
0.089315 3.284975
3.139227 3.185810
0.276706 4.670125
0.079274 2.993819
0.082487 0.853733
0.226420 0.913554
0.159106 2.740214
4.940312 4.702363
0.145578 0.206487
0.421295 0.598219
3.773947 4.125978
0.442862 0.500772
4.747246 0.024024
0.884055 1.252891
3.489387 3.223753
3.458591 4.251004
1.264968 0.026688
0.151249 4.663822
0.378657 4.680150
0.243737 0.121524
0.152531 0.950377
0.205458 4.023980
0.024627 0.063691
2.101676 0.249399
4.116082 0.937667
4.289625 0.696074
0.015052 4.458096
4.164628 3.329062
0.046579 0.087382
0.056831 3.153311
0.989064 4.781886
0.323293 1.363800
1.385743 1.268930
0.158191 0.030839
4.750616 1.237998
0.098987 4.395689
0.143629 0.090161
3.013129 0.639175
1.163322 0.102976
4.078618 0.397385
3.343076 1.128120
3.628023 0.452031
4.204034 4.621055
2.087907 3.806205
4.518941 3.416897
0.486879 4.952676
0.131128 1.560994
4.366809 0.927449
1.643171 0.395105
4.144643 2.308616
0.166415 1.986753
0.188424 0.029847
0.661192 0.115324
3.997488 4.615980
4.905070 2.173335
4.970341 0.568169
2.953764 4.928866
2.787769 0.211479
4.140669 4.594287
1.802963 3.109014
0.087898 0.255179
0.184435 1.047806
0.278551 3.330359
3.061064 4.474633
4.715873 3.841120
0.002173 0.130409
0.255063 0.142324
4.245814 0.017870
1.215867 3.383416
0.321829 0.538017
4.910947 4.181716
0.266404 0.016848
3.008668 0.356265
0.036829 4.321945
4.329711 3.850150
3.971441 2.886789
1.558196 2.775911
2.388791 0.244662
0.634446 4.421424
0.003879 0.776135
4.795022 0.021927
2.195259 4.321159
3.605999 4.093019
3.292511 0.903011
4.819797 4.516809
4.864737 0.724512
1.074637 0.716653
2.483960 2.963884
0.051432 0.590316
0.738214 4.502638
1.999695 4.709655
2.389426 3.557891
2.485566 4.778217
1.123394 4.450384
4.199642 4.914915
0.421459 0.600874
0.766333 0.011054
0.719344 4.615188
1.319127 1.464600
4.441206 1.641749
0.891264 3.935095
2.217193 4.477870
4.738142 4.701153
2.441753 4.911069
3.939134 4.152538
4.413706 4.850393
2.889623 1.803133
3.408283 0.375189
0.639156 3.292478
4.537368 0.649344
4.384081 3.897151
4.622973 0.626118
4.634408 4.580842
4.833657 1.158028
4.640604 2.397762
0.171933 0.065823
0.011447 0.010609
0.132183 1.222012
3.601341 0.273259
0.220025 4.552979
3.414049 4.313661
2.599650 4.232662
2.403716 4.637998
0.576880 4.799123
4.330894 0.006973
0.291558 1.668924
2.058217 4.513750
0.320828 0.301692
2.659619 3.394144
0.004843 1.032793
0.018124 0.123288
1.009525 1.267474
0.001489 0.261733
2.304343 4.583328
4.800931 3.698106
0.133943 0.004085
1.091307 4.887418
0.411511 0.083964
4.689693 4.960555
0.061212 4.887052
3.660127 3.525730
0.253814 0.305713
2.861543 0.118426
0.484069 4.977564
4.985378 0.576888
1.361840 0.032105
1.909652 4.559949
2.131125 4.841854
1.223937 0.153874
2.993224 0.129562
0.376235 1.702837
2.601099 4.580270
0.195311 0.514007
0.000753 0.003857
0.550254 0.256368
4.926672 4.144411
4.269564 0.852922
0.723805 0.382248
4.866125 2.459937
1.095828 0.824543
0.010716 0.878287
2.748517 0.677546
2.596004 0.082574
1.118630 0.504732
2.310825 0.625365
1.546876 0.001566
0.818512 4.493639
0.510233 3.973374
3.970874 2.001671
3.676963 4.611714
2.894850 3.527793
0.992736 4.007751
0.026151 0.706604
2.778667 0.377774
1.096841 0.135901
1.908960 4.752542
0.329283 4.657477
0.552334 3.407569
4.756768 4.529231
4.731050 0.367385
3.052433 1.489541
1.183074 4.778000
0.923138 1.222240
2.228248 4.625032
4.369326 0.905212
4.236746 2.264176
4.184315 1.876377
4.428590 3.813720
4.506608 0.000004
0.105521 0.151376
0.433074 4.969521
0.070676 0.978187
4.626998 1.020467
0.513610 1.326722
0.153805 0.513430
0.841395 3.875700
4.989523 2.809597
0.020046 0.001633
0.044748 4.701324
0.304937 4.221925
0.606536 4.834482
1.678251 0.039540
1.364243 0.146726
1.093723 4.977070
0.662442 2.074618
4.849465 1.318184
1.883342 4.902145
2.002917 1.351317
0.800414 0.566488
0.249167 2.196318
0.255637 0.620205
0.102931 0.314408
4.789227 2.547515
0.442040 0.065022
2.911010 0.715658
1.245726 2.406880
0.170333 0.162692
1.388080 0.497103
1.634226 0.538900
4.944645 2.479944
0.387090 1.772936
3.938095 0.049188
2.560530 0.002254
2.679426 0.018065
0.000607 0.254024
0.148668 1.252733
2.034778 2.390451
4.598245 2.048741
0.141687 2.781486
4.552613 1.424274
3.721065 3.800663
1.080567 1.503689
4.726963 2.174565
0.415944 0.455857
3.922740 0.472326
0.026961 0.680092
0.520548 0.075570
4.064556 2.476620
2.427062 0.022773
2.326169 0.783392
4.352539 1.845659
4.101676 0.014360
4.738915 2.169919
0.034018 4.355475
4.617515 1.701958
0.153479 4.732715
0.225430 1.391923
1.039118 0.012615
2.318199 0.954722
2.332993 4.865819
0.641470 0.244088
4.756546 3.452199
3.743254 2.576975
0.650990 0.618546
0.161941 1.565789
1.874805 3.295652
4.822819 0.503614
0.020854 1.268819
0.579319 0.794422
2.196991 0.025188
1.380443 0.261050
1.003837 3.748930
1.015353 3.743450
0.775235 0.492247
1.633354 0.165081
0.062949 0.012312
4.065554 0.852334
3.769708 2.291749
4.767783 4.440484
2.765301 0.051197
2.397858 4.312232
0.872197 0.132529
4.815846 3.090282
0.439628 0.342043
4.144978 4.601232
4.780428 1.901631
0.066732 0.180158
0.172518 0.233852
3.556828 3.489590
3.279602 0.847063
3.661611 4.706960
3.365606 0.832227
0.035289 2.881801
4.501854 3.825915
0.593474 1.297713
2.514840 4.285635
0.081610 0.104027
0.113051 1.268307
3.849224 3.585975
4.029607 3.132524
3.799213 0.600234
0.013925 3.751111
0.042717 0.179840
1.157641 4.372831
4.174305 4.685335
0.045669 3.493346
4.392295 0.228361
0.046022 4.870245
2.695440 4.547876
0.219911 4.252632
0.602184 0.195603
3.868853 3.684406
0.867401 0.261884
0.297927 0.235324
3.663889 4.254241
3.447147 0.489204
0.500325 0.376275
0.000510 0.006218
4.947206 0.995588
0.809705 4.121511
0.284292 0.577619
1.899668 0.048667
2.376352 0.122770
4.873904 0.293172
0.669038 0.318612
0.054882 0.035807
4.341470 4.584768
0.002772 0.026296
0.096925 0.334387
0.094265 0.590862
0.966052 0.271136
4.309465 4.738905
0.041231 1.898083
0.431289 0.130708
1.226736 2.916793
4.334694 4.176192
0.808616 4.849250
0.020622 0.205362
2.187903 0.517379
0.915408 4.881251
3.927922 1.799033
0.509397 4.611307
1.787904 0.213692
0.299678 0.375670
0.353696 2.192197
3.724779 3.632740
4.805732 0.083132
3.192197 1.093358
0.139429 0.305842
0.888503 0.386206
3.138070 0.941832
2.941236 3.240883
3.007860 3.866142
0.444900 4.011360
4.367394 1.770886
3.241280 4.566955
3.569919 0.024804
2.906623 4.962466
0.024276 4.281324
0.338136 0.822582
0.398499 4.062915
4.455322 0.204232
0.135948 0.556221
4.588767 3.373682
0.051600 3.569869
0.070344 4.725478
0.661875 1.250136
0.063206 0.329052
0.079441 4.823227
0.148010 3.878670
3.090943 3.583639
0.923416 2.913765
4.589223 1.492632
0.273228 4.344295
0.255591 0.047644
4.458012 2.877363
4.148972 0.294357
2.752636 0.088924
0.177148 0.071144
4.532426 0.801093
3.437645 4.087278
2.170040 0.096936
4.427421 0.141195
4.514198 1.889050
2.093281 0.120822
0.467953 0.914734
2.390147 2.086899
4.248666 1.469954
4.017807 4.521894
0.508129 4.386471
0.070966 0.331931
0.289768 1.724622
1.073943 4.586312
2.291723 4.241925
1.757734 1.754645
0.093192 0.572080
4.445173 2.856968
4.257927 2.401219
1.099248 2.000692
0.000580 2.826852
2.205160 1.261854
4.826292 1.620664
3.502716 1.744427
0.612006 4.918101
4.266648 0.057771
0.640995 1.795207
3.544932 4.262542
3.665026 4.761614
2.338082 0.956750
4.003539 4.095816
2.711395 4.144134
4.420856 2.092518
0.762804 0.126178
4.515110 3.618820
0.662356 4.411462
1.482475 0.271034
0.826471 4.378530
0.962104 3.990536
0.985609 1.574109
3.908637 0.252257
1.403058 0.349560
1.670796 0.176811
0.120292 0.023300
4.938426 3.095158
1.292572 3.941965
2.190974 4.003967
3.086099 0.342132
0.643859 0.119238
2.751217 0.718323
3.340834 4.862716
0.282940 4.360871
4.179374 1.109412
2.245573 0.123842
0.099948 4.725010
0.080869 4.872039
4.977267 3.347466
0.503118 1.648063
3.524278 1.260195
2.616091 4.766881
4.396965 1.262259
2.404669 1.546327
0.458929 0.152630
1.888459 3.440960
0.577968 4.639676
4.918331 1.286662
4.502392 4.442224
1.425724 0.288233
0.186851 0.295833
3.823244 0.651583
3.395204 0.795986
4.660167 1.721352
3.886297 0.163285
4.982818 2.219949
3.069993 3.966570
3.792729 4.935264
0.585633 4.068467
0.597487 0.124176
3.768716 4.213619
4.351143 4.346684
0.003387 0.316435
2.498219 0.754334
4.924072 2.357671
4.123007 2.318094
2.276112 0.359502
0.004792 1.426251
0.192097 4.377862
0.403594 3.996097
4.829109 0.386412
1.181115 0.097881
0.065869 2.900025
0.022655 0.184691
0.250825 3.607551
0.292331 0.616343
3.044327 0.425971
4.963027 1.573705
3.991193 4.010838
4.001712 0.067277
4.773674 1.966844
1.861316 0.672235
2.827541 3.766703
3.646230 4.227067
4.858566 0.159807
4.927510 1.120106
0.546219 0.848920
1.384766 0.633113
0.857695 0.421143
4.837816 4.934937
0.816280 0.098391
0.055676 2.167594
0.022922 0.485126
4.912242 1.662028
3.680470 0.665354
4.386334 2.207784
0.565821 3.661113
4.952951 0.881302
0.133523 3.907280
4.898239 1.366063
3.868200 4.411131
2.928121 4.943192
1.799872 2.686688
1.770573 2.399392
0.191676 3.046263
0.004828 4.569647
4.481963 3.268930
0.034340 0.651716
0.639084 0.011631
0.256691 0.625578
0.896989 0.442402
3.710991 1.579614
0.462621 2.266903
4.405422 4.132271
0.072041 0.104508
0.498335 0.724099
3.714792 3.426455
0.381678 0.032796
3.319433 2.437864
3.801185 0.060074
0.260053 0.211473
1.051644 4.899930
0.130476 0.020442
0.440158 0.422714
0.131911 0.453764
0.209166 0.360996
0.323452 4.145071
4.319190 1.150742
4.642571 0.852795
0.156959 0.107282
4.140531 0.553095
0.774938 2.180653
0.141003 1.241908
0.379424 3.716174
3.880093 0.250473
3.870423 4.298059
0.469266 4.940656
4.197989 4.040593
0.040146 4.725217
1.396946 0.113420
0.367992 0.715300
1.929042 0.686833
1.255024 4.302490
4.413520 4.589605
0.283470 3.981059
0.003782 0.536809
2.961479 3.389565
4.234763 4.051092
4.486827 4.281651
0.360890 4.791356
4.468966 4.709476
4.413065 1.236941
0.006207 0.085816
2.169385 0.615743
3.946528 0.271420
1.600013 4.299595
0.982334 0.840407
4.778090 4.903047
0.417593 4.191609
4.655221 3.603357
4.666008 4.993105
4.680289 2.799043
0.503979 0.440369
0.067454 2.884329
3.716316 4.960822
3.290279 2.242736
3.667896 3.421534
4.463054 4.403845
0.836203 4.767083
2.918520 0.710421
1.321581 3.401753
0.528549 4.428258
1.914021 0.499312
3.664647 0.752158
2.715570 1.105716
0.024962 4.177544
3.904869 2.506979
1.716933 0.076451
4.368538 4.499870
4.614080 4.740092
0.155720 4.085917
3.411361 3.529561
4.624721 2.508311
2.316549 1.930575
0.832571 4.591103
2.936794 0.458607
0.018044 4.687265
4.178270 0.917544
3.326509 2.427007
0.649370 2.373755
0.054389 4.185917
3.661346 3.580328
2.761501 4.465960
0.491409 0.338821
4.066957 0.575453
0.200650 0.007888
3.623814 4.911292
0.450246 3.248535
3.314079 0.378238
0.113380 3.921726
1.668423 1.619000
4.073588 4.767877
0.725455 4.821192
2.444705 3.694386
4.870452 4.675024
2.139840 0.003312
2.931769 1.159021
4.451789 1.943486
0.414348 4.297574
0.989037 3.397250
4.090815 0.653620
4.251297 0.489269
4.220442 2.033301
3.343063 4.539079
4.963046 1.074207
0.366423 0.074977
1.197444 1.251222
1.791608 4.577720
0.606176 0.311178
1.315848 1.312385
2.454007 0.041366
1.648385 0.781546
4.928794 0.143588
3.950927 0.074632
0.006365 0.678146
1.068297 0.076893
0.014316 0.097839
0.184596 4.841144
0.665467 4.689701
4.526513 1.457746
0.630223 4.862279
1.788828 0.000146
2.738008 1.209301
0.024063 1.531029
4.584374 1.219404
1.988343 2.862369
0.128623 0.485504
0.454776 3.381710
0.479748 0.076279
3.446697 4.724451
3.013793 2.904904
0.001093 3.256727
1.090473 0.565792
4.260015 0.113514
0.034259 1.050744
0.399740 0.222105
0.129574 4.872928
1.870673 1.043791
3.101274 0.138736
2.686280 3.989265
0.056628 3.365822
0.453390 0.302011
0.310867 1.666213
0.542135 0.812174
0.010415 4.821326
1.372355 0.262135
0.054700 4.160119
4.607400 0.443431
3.214622 0.004174
2.886636 2.232997
4.829037 2.391594
0.179510 1.443768
3.347997 0.778159
1.403239 4.154543
4.886992 4.089520
4.238531 0.292176
2.131331 4.678776
0.479988 0.478298
4.114758 3.395676
0.461617 3.788642
4.605369 4.531521
0.027051 0.207903
3.902793 4.977310
0.907047 1.777710
0.181680 0.257908
0.277865 0.054114
2.764953 0.244437
0.064782 1.570588
4.780629 1.468021
0.725131 4.667622
0.557541 3.868939
4.986125 2.688872
0.187445 0.002960
4.332465 2.543877
0.334703 1.767093
0.138187 1.403548
1.371113 0.969693
3.557801 2.701188
2.756314 3.707332
4.478899 2.324395
4.838207 3.731672
2.399523 2.603160
0.012801 0.780705
2.354917 2.832773
3.932327 4.898879
3.424360 4.489867
4.097794 3.858456
0.258240 3.670036
3.655374 1.526632
0.047647 0.137511
1.050985 1.727679
0.640060 4.884210
3.691490 4.205223
2.277661 0.769795
3.834338 0.180162
3.094190 3.508278
0.488232 0.493713
1.111438 4.464341
2.958018 0.285185
0.655203 0.038192
0.184064 1.645440
1.380212 3.951882
0.055925 3.558952
0.169199 4.434528
4.541420 4.041898
4.444927 4.727275
2.525339 4.838534
2.015611 4.691996
2.701220 0.978262
3.599592 2.604610
0.857269 3.002355
0.007819 4.868027
4.658370 1.726104
4.411501 3.724525
0.158641 0.248900
0.096556 0.043686
0.742792 0.276828
4.237141 4.333945
0.099378 0.036733
4.537126 0.054425
2.020993 0.033486
1.472423 4.348701
0.595220 2.395193
0.081711 2.620416
4.599498 2.936117
4.171387 4.058426
0.636931 2.565470
0.674868 4.213812
0.066018 0.726059
3.659546 4.716524
1.088773 0.392024
3.999057 0.927106
0.364817 2.154225
0.117130 4.731436
4.920072 4.469298
2.190222 2.796404
0.301280 0.024710
0.056462 0.169691
4.123724 1.942110
1.072041 0.633130
2.816334 1.675260
3.016046 3.217508
0.962766 0.000048
0.003601 0.003174
0.736411 0.004330
0.423012 0.176579
3.538971 0.018518
0.075180 0.229619
0.037138 0.075616
4.221413 0.954289
2.759574 4.237253
2.294580 3.303540
4.580702 0.074807
0.157772 0.068750
4.954324 1.787113
4.416880 0.103125
0.489998 1.337396
0.416833 1.282326
0.811237 4.804146
2.105635 2.410347
4.952613 0.243304
0.389044 2.596282
0.000157 0.777546
2.239043 2.144857
0.438505 0.601408
0.042814 0.066608
0.024800 0.017459
3.589337 3.765944
0.768626 0.724734
0.003307 0.038012
3.287806 0.246503
0.698195 1.076366
1.869058 0.988091
0.027351 0.014857
0.691329 0.287103
2.170930 4.684934
2.944015 1.593331
0.074367 0.044076
1.239212 3.880894
0.228767 0.130928
0.187464 4.028893
0.416725 4.372706
0.119736 0.553325
0.463061 1.499345
0.025801 1.109256
3.512271 0.569901
0.282202 0.582255
0.803862 0.000196
0.011647 1.328364
0.160750 0.731468
0.044472 2.541933
1.790078 0.065091
0.150497 4.475962
2.173039 0.165757
0.399285 0.044683
0.568417 0.111283
0.572482 4.542898
0.779288 4.354456
0.036864 0.142334
0.223804 0.176227
3.876647 3.524738
1.676359 1.483100
4.723396 0.042351
0.027998 0.571857
4.665332 4.343117
0.150904 0.360571
0.452577 4.262775
0.501815 2.936740
0.078152 1.221958
0.222703 0.521826
2.008506 0.120078
2.355135 0.304618
4.023778 3.191379
4.719457 3.316052
0.932464 0.261033
0.418672 0.282449
4.566828 4.956727
3.279675 0.162971
4.378725 4.451876
3.260464 4.662553
0.800757 0.104365
3.622176 0.225924
0.663506 0.811422
0.003683 0.003073
0.254696 0.220926
0.423011 0.278619
0.271768 0.013877
0.493302 0.110352
2.227297 0.040626
1.595527 0.680973
0.800536 0.016283
0.078904 0.131135
3.427132 0.030633
4.731125 3.711167
0.108301 0.410347
4.484577 0.252733
3.981092 0.412067
4.899932 3.455944
4.320616 0.205028
3.362221 4.507583
3.468533 3.373769
4.779883 0.006450
0.149680 2.993571
3.965961 4.393365
1.456771 2.080137
0.443217 4.836691
4.736269 4.632963
1.055835 3.450215
4.256232 0.786960
2.161383 2.031042
3.778549 0.535103
3.233256 3.719829
1.530375 1.083101
1.764117 0.490845
4.928093 2.519659
4.132984 0.587074
0.058433 4.676613
3.029367 3.844076
2.540839 0.582012
0.099921 0.254048
1.561061 3.750388
1.549083 1.129445
2.318463 2.371633
4.747545 2.639583
0.115583 0.032023
4.206036 4.938561
0.612106 0.918768
1.027551 4.367934
0.171455 3.099595
2.862955 2.587619
0.342289 3.865309
4.989882 0.723949
0.400457 0.684213
4.568026 4.496409
1.169792 0.034782
0.407386 0.009506
4.139736 4.480937
1.459652 2.523087
0.323263 1.089250
0.046753 0.964857
3.116125 4.833294
1.334842 0.239919
1.147620 1.572955
1.678998 4.871207
0.241918 4.785685
3.166181 3.082830
4.997324 4.786095
1.862074 4.804516
3.522496 2.475863
1.807465 3.132957
4.884330 4.029382
0.568594 0.679256
4.750712 3.152273
4.230741 4.713787
0.741198 2.402985
0.415517 2.262191
0.310472 3.316735
1.244406 0.395036
0.110181 0.045030
0.016473 0.750378
4.120470 4.289871
0.301524 4.719675
0.247196 0.498854
3.617208 0.038687
4.419938 0.494471
0.731419 4.722762
1.463209 0.798695
0.176734 4.509869
2.401188 4.496387
4.924178 0.610038
4.337149 0.179175
0.966048 3.767549
1.180795 0.007878
0.074162 1.182000
4.790448 0.389335
0.010015 1.733126
4.881514 0.544613
2.053719 4.200336
0.633180 0.013488
2.186051 1.771874
1.187107 4.108548
0.967877 1.164793
0.319936 4.878308
0.060934 0.269159
0.412199 0.481471
0.155102 4.808903
0.073592 1.155880
0.172958 0.142000
0.210645 1.948496
4.373498 3.960291
1.109584 1.862062
0.153423 3.626715
3.252876 2.155632
3.073020 4.238855
1.676727 0.367660
1.295414 4.823655
0.002635 0.004612
4.518559 4.687555
0.466484 3.745670
3.815637 4.156283
0.408740 3.924546
4.347589 2.327628
0.096364 0.290311
3.354875 4.066861
1.733784 1.796861
0.171785 1.518515
1.646394 2.071827
2.276016 4.899270
4.227459 0.349036
4.509805 1.000299
0.608107 0.148855
4.747883 4.975725
2.125876 4.990089
0.848913 0.448510
0.679253 4.659832
3.868438 4.266248
1.157779 1.171818
0.606142 0.281138
0.772816 4.935400
1.716213 3.180231
2.462221 3.634616
0.564667 4.369380
0.706443 4.105547
4.007885 4.933902
4.454583 3.146012
1.910982 0.041378
1.863801 0.026178
0.038415 0.422328
0.342345 4.701696
4.406704 4.186502
3.180613 2.547364
4.663474 0.628195
0.048252 0.027382
3.233428 0.808428
4.955324 4.949641
3.988659 2.417545
3.135092 0.552393
0.856139 1.953166
4.923738 0.534046
1.030902 0.196649
3.068269 0.070291
4.717833 1.483652
3.574976 1.152658
4.692867 4.215034
2.911281 3.601259
0.625346 4.811935
4.830178 2.306601
1.925986 0.254429
4.776573 4.438110
4.825855 4.915567
4.566392 1.803857
0.047827 0.457866
3.754671 4.413960
0.821023 1.863721
2.077369 2.199981
4.840809 0.513332
0.505356 4.767045
1.728533 4.537270
4.730688 1.421400
3.752304 2.641968
0.022659 4.499059
0.959809 4.852838
3.134599 2.713374
0.038995 0.008050
3.892613 2.839580
1.859030 0.016265
0.573742 4.864215
4.734630 2.025814
2.215435 3.334644
1.951764 1.878373
1.616211 0.312781
0.010290 0.076229
0.000581 2.083215
0.065407 3.225549
4.708405 2.268404
4.028947 4.731064
1.767464 4.988755
4.583901 3.573124
4.034671 4.718572
0.155357 2.518697
4.679097 1.653156
0.729102 0.079329
0.827315 3.381145
1.962533 0.174738
0.678714 0.102683
1.219877 4.333158
2.146510 1.109821
3.311988 4.683081
3.226053 4.372423
4.546558 4.641010
2.910433 0.178413
4.961930 4.986270
0.757932 0.445178
0.196707 3.690622
4.762554 3.158438
0.698535 4.062001
3.443483 2.722926
3.249542 4.276446
2.065785 0.444715
0.467933 4.984451
3.084747 4.772832
0.065436 0.729229
0.749647 0.185171
0.242269 2.356862
0.515815 1.922272
3.464634 1.421139
1.845597 3.969455
3.186985 1.960890
1.323078 1.942024
0.054426 0.549616
0.404315 2.651772
4.450914 0.103746
2.530652 3.374746
0.268110 0.569577
4.046638 0.454840
4.939658 1.730506
4.505829 3.700759
2.441511 1.164458
4.936088 1.398966
1.513572 3.383738
4.992135 4.537364
2.508953 3.217780
3.245851 1.033934
0.566855 3.949151
2.117275 4.144890
1.587030 4.196234
0.950285 4.420267
0.837795 4.301074
4.967625 3.347932
0.008414 0.328634
0.023936 0.559778
0.367363 3.377678
3.248685 4.938430
0.028595 3.271505
0.034561 1.265927
4.071019 4.841938
2.305634 1.926395
2.760354 1.469641
3.854186 0.021533
1.813927 4.901647
0.652480 2.972880
3.922700 0.171154
3.212185 0.306532
2.409570 2.740282
4.001436 3.310589
0.350364 0.301357
0.225049 0.026018
3.679035 1.168872
0.656157 3.707630
4.440377 0.690718
4.973557 4.362821
4.578182 2.279191
1.289216 4.180072
0.143967 4.073587
3.455043 0.701562
3.975234 3.662450
1.028370 2.897934
3.833604 4.929464
3.774692 2.492927
3.798182 2.552874
0.366107 3.643110
3.962708 3.608223
2.339936 0.276245
4.507295 0.522431
0.014607 1.730146
0.392804 0.069359
3.310492 0.791331
2.493643 4.599708
2.638480 2.231701
3.673295 4.320219
4.739903 3.434855
2.982669 0.623874
0.546462 1.816272
0.553338 4.097900
4.664431 3.161207
1.650774 4.342156
4.882938 4.521129
2.680578 3.366340
0.211929 0.566790
4.169735 0.755348
0.302453 0.060101
1.493617 4.446036
0.893251 3.987260
4.045744 0.864654
1.624871 2.719038
0.184873 1.220374
0.367567 3.167541
1.844248 0.914029
4.983813 2.397586
0.000380 3.477641
1.749106 1.662703
3.249889 0.249172
1.167707 0.930467
3.615513 2.205976
3.118340 2.504284
3.485141 4.253885
0.838061 3.876111
4.634202 4.851131
3.966019 2.745665
4.157338 0.761593
0.464704 4.548982
1.357553 0.188648
2.716523 3.655512
1.450931 1.413314
1.053097 1.758228
0.389231 3.094632
0.739316 4.844052
3.051376 4.588638
0.788426 1.666888
1.794614 3.906766
4.171172 0.279755
3.160651 1.777377
0.282893 1.655438
0.391958 0.710888
4.606238 4.640941
4.815422 0.070942
4.189923 1.626686
0.903212 1.906446
0.282197 2.649512
4.606783 1.335295
4.407740 1.214853
2.498892 0.741550
1.072811 2.188874
2.350435 0.654177
3.855762 4.211923
0.768003 3.026935
4.491678 3.928654
4.804311 4.750192
0.789227 0.081143
4.765165 0.453687
4.722085 3.790146
0.466406 3.912008
0.070953 1.154912
0.422882 0.729246
4.019130 0.425237
2.034324 3.426870
1.572528 0.966156
0.638932 1.205130
3.360696 3.672850
3.956134 1.174869
2.884772 0.342140
0.243393 2.376450
4.270794 0.047704
1.104048 0.012263
0.184818 1.136522
0.455485 4.850932
4.891513 0.921891
3.762939 0.308345
2.291510 4.581393
1.043044 0.025564
0.002812 3.977307
4.737510 1.646720
4.213521 0.993051
4.359621 2.574217
4.665901 3.933758
4.790675 2.550673
4.275898 0.034068
4.927124 3.546693
0.081772 2.053766
0.191903 0.286070
3.437939 3.516516
3.638695 1.005376
0.005708 1.049842
0.416151 0.988247
0.280667 3.135437
0.003612 3.658196
3.944838 0.264150
4.036704 3.375447
1.271775 3.437536
4.832111 1.159049
3.352612 3.982476
1.687600 2.469485
4.016544 1.460500
1.364720 4.903178
3.514265 4.781918
4.308935 1.669397
3.844116 4.370485
4.716043 3.828207
3.783169 4.603517
1.103807 1.600857
1.431121 0.183314
0.013371 4.837461
1.089126 0.050991
0.664563 1.501733
4.491457 0.646846
2.745085 3.616789
4.629323 2.846679
0.472580 3.645867
4.307179 1.647783
2.000674 0.673869
1.429700 2.053118
4.490841 0.273816
1.423604 4.206883
4.102023 4.618578
0.371660 0.292055
1.219436 4.711313
4.895877 1.232806
3.812368 4.402392
3.437813 4.997204
0.240275 0.796867
1.650664 1.553578
4.097306 1.483578
4.400258 4.113516
4.401357 2.930324
3.645658 4.854463
4.200770 3.070488
3.951369 4.754233
0.453205 4.927079
0.408677 0.867357
4.054254 2.547107
0.512380 1.562994
2.810030 4.636209
0.017082 1.604215
4.306406 3.455731
3.433318 3.828049
0.062019 2.127543
0.413939 0.768791
0.849087 3.842726
1.671804 4.846753
1.173404 0.097544
0.040234 0.407000
4.974149 4.215500
0.156448 4.687055
3.579664 0.949319
4.708512 2.633918
4.193124 0.240345
4.196911 2.046512
0.106359 0.043826
4.408967 4.431313
0.585023 0.741746
4.422646 2.984530
4.742681 1.544597
0.994136 0.048133
0.165375 2.665940
4.894886 1.751013
2.475724 4.615941
2.537422 1.371353
2.122168 0.835528
0.212508 1.828350
4.027383 4.921021
2.504566 1.916824
0.020199 0.274827
4.570321 0.266819
3.532789 4.247005
4.698132 0.544569
0.747914 4.120778
3.633210 4.004203
0.443427 4.523235
4.995092 0.608802
0.782316 3.422642
0.041629 0.465311
2.175527 4.893469
0.934611 4.722118
4.669261 0.265244
3.072152 1.209237
0.314135 4.473802
3.792643 2.189515
0.079088 0.468325
3.264260 1.522076
1.026227 2.080485
3.772170 0.915413
3.952334 4.045553
0.065993 1.572517
1.510531 2.844496
4.563311 1.406431
4.230136 0.237092
1.783961 1.405664
0.130562 3.564005
0.649928 0.127632
0.187613 3.919092
4.376909 4.143384
0.379633 4.317823
0.796320 3.872421
4.888510 3.218451
0.648408 4.605903
1.755966 4.420578
0.521316 0.016169
0.610699 1.241280
1.413146 4.928920
4.898322 0.637015
3.589323 1.038800
0.965389 0.045289
4.051021 4.927409
2.813930 1.071529
2.117092 3.340018
0.367927 1.309461
4.835068 4.833324
0.029228 1.948328
0.782524 0.102355
3.550099 4.691821
3.735784 0.735031
3.529861 1.394183
3.825061 1.947413
1.938359 3.263617
4.546805 4.191204
4.659501 3.490846
0.100097 0.372528
3.952115 4.151117
3.890211 1.617446
1.063708 4.729543
1.848516 3.600283
4.807425 1.148278
4.269771 1.552980
1.393746 1.669165
2.468215 4.782972
0.061701 0.657543
0.074522 3.377527
0.130261 0.084796
1.004395 4.415684
1.359428 2.328349
0.042026 2.670733
4.706158 4.698278
1.151888 4.921783
0.409748 0.042129
0.340367 0.514008
4.771642 3.387745
0.477257 4.717426
4.751596 0.029694
3.480170 1.004462
0.068641 1.078808
0.414493 0.438042
0.477318 0.998291
0.318036 0.742624
0.805122 1.465419
0.755934 2.164549
3.793769 3.790239
0.209222 4.610548
3.488518 1.617622
3.421710 4.301784
1.659721 4.960939
0.331630 0.232756
0.142165 0.197216
1.128588 4.229414
0.331786 4.628960
4.652718 0.595226
0.577345 4.751297
2.068386 1.733342
0.466894 2.270908
3.645569 1.272016
3.736328 4.401503
3.436565 2.530096
3.846949 2.476146
0.328973 1.012360
0.519921 4.451733
0.324047 2.523204
4.176481 2.336654
4.025259 2.768536
3.816818 4.759797
0.720756 4.148604
4.388756 4.684619
4.825326 4.966102
0.224967 1.257357
2.271421 4.902810
1.900699 0.714166
1.174826 2.642446
0.095407 4.559033
0.027183 0.288503
3.513690 1.202564
0.123551 1.851432
0.096928 0.452203
1.213255 0.066969
3.333342 4.824261
2.863885 3.193481
4.584058 3.549082
1.298764 3.972814
2.570061 1.201137
4.848751 2.107595
3.803941 2.974166
0.350568 2.753778
0.813979 2.137593
2.234095 4.953082
0.567388 1.629081
3.308200 0.417296
4.132472 4.897373
3.849318 1.122946
4.188002 0.440814
2.694900 2.777184
1.863948 1.945036
2.572383 0.066645
0.353557 1.353296
0.294065 3.942206
0.063205 0.002694
1.049801 2.433994
3.116981 1.495408
0.455225 3.843469
4.825611 0.906711
3.796550 4.658702
0.142346 1.213609
4.961803 4.274817
1.110983 3.811121
0.397763 4.450920
4.619185 3.543331
0.063445 0.013586
1.040770 4.222497
0.652967 4.646918
0.566787 0.013755
4.892454 2.426230
1.151238 2.931006
0.410973 2.320920
4.677628 0.003874
0.040174 3.570611
0.756843 2.948827
0.092415 0.763917
4.881739 2.544017
3.820283 2.308811
0.749496 0.770298
1.787351 1.037426
1.148800 4.671050
0.145676 4.324352
4.626918 3.692809
0.204617 0.019748
4.700228 0.407499
0.878577 2.325628
3.927369 3.461390
2.135024 0.701255
3.732179 3.326901
1.553378 4.048150
1.804711 4.974835
0.533719 4.826810
4.892150 1.015473
0.243627 1.041673
3.635988 4.397097
1.082101 4.850872
4.068147 2.375809
2.832267 3.695065
1.569341 1.315966
3.834334 0.768846
0.036794 4.998271
3.094473 4.761378
3.397792 4.962157
1.670650 2.129971
3.122768 2.732337
1.158862 4.509505
3.198863 3.694058
3.025369 2.273143
1.570042 0.524580
4.085938 0.117015
4.921678 0.160458
4.990819 3.989824
1.734799 0.059819
0.022898 0.018781
4.366207 0.739911
0.408790 0.457807
4.899661 1.831792
3.350917 1.133971
0.957168 3.026275
4.325971 2.166988
1.434671 4.518925
0.203498 3.880489
0.137592 4.872119
4.320600 1.416757
1.208863 2.708728
1.915815 2.656273
2.615461 0.796086
0.089966 0.377126
4.329775 4.186685
0.669503 3.695981
1.056437 0.045808
3.588045 0.287363
2.937086 2.388799
4.627042 3.140088
0.121540 2.826000
0.548232 1.879284
1.950144 4.780154
0.274979 2.087736
4.652273 4.459129
3.994727 0.861136
2.472595 0.083523
3.517409 4.783319
1.706628 0.067666
0.216459 1.036403
3.459529 1.016525
4.732384 4.180948
1.991257 4.145519
4.007205 4.928343
1.534318 3.078361
0.001067 1.617284
0.733405 0.698829
4.379865 0.562378
2.553961 0.007741
1.475855 0.007382
2.477302 0.183312
0.248536 2.075184
3.289267 0.435126
4.034276 4.402287
3.948797 0.257261
4.066728 1.060630
0.040058 0.397004
1.857911 2.366231
0.226240 0.674301
1.581536 0.070408
2.362171 2.948256
3.239264 0.517507
4.743871 2.526271
0.043596 0.621718
4.745889 0.942982
1.218697 0.022592
1.126294 4.319572
1.136437 0.692116
4.079352 3.486985
0.042034 0.036807
3.602323 3.869902
4.613319 0.838689
1.944233 4.522593
4.194983 1.453216
4.160338 0.470002
4.751726 1.929612
4.493346 4.857774
2.680748 0.605655
0.875501 2.246098
2.901029 0.779689
2.802232 4.399800
4.680831 4.676965
0.458302 0.798593
3.348970 0.072807
2.595814 1.180903
0.119400 1.466589
0.267245 4.384787
3.548649 1.513664
2.857805 1.351613
0.463525 3.034875
1.270357 0.122784
4.964486 4.174975
0.073025 2.645234
4.780631 3.706065
4.630159 1.807341
4.485754 2.773946
2.081460 4.166586
2.450911 3.074914
1.970202 4.982145
4.936511 0.396951
0.127863 2.486684
0.795707 2.136481
0.003899 1.516169
0.734622 0.092599
0.189152 0.089522
4.594162 4.945755
0.354724 4.558648
3.331936 0.508381
2.203882 3.901361
3.920664 0.347043
4.697074 4.029908
1.069066 2.178471
1.796803 4.367794
0.020206 3.569751
4.995027 3.247303
0.229565 0.994077
2.549416 1.149001
4.331918 4.765038
3.167598 1.015818
3.719004 4.981839
0.495285 3.846036
0.694363 0.228712
0.095613 0.330166
0.589656 3.712564
2.607844 4.510321
4.059608 2.304918
3.540228 1.318315
4.791430 0.780502
4.802641 0.087584
3.285294 4.797668
3.334887 4.134402
0.719221 0.884303
0.085926 0.054463
0.717676 2.791631
2.692086 4.368344
3.392282 4.154902
2.242574 4.590407
4.513452 2.782301
0.430741 0.084645
1.494865 3.076937
4.613429 0.554473
0.381855 3.153657
2.734788 0.120758
0.903543 1.828938
0.260869 2.219452
1.473096 3.595755
2.419677 1.809966
1.368032 4.102857
0.239190 1.394089
0.252538 2.575899
3.227854 0.816045
0.217424 0.478955
4.963483 2.446689
0.557816 3.961305
1.399515 2.418686
0.798406 4.456681
2.089045 0.265650
0.657022 3.054504
0.170968 0.565789
0.310821 4.977669
2.582916 0.902671
1.222344 0.001539
2.712637 2.297569
4.105451 3.631536
0.995137 4.357988
1.207435 0.993332
0.438917 3.019868
1.080108 0.499094
0.498565 1.319430
4.039684 1.866072
3.625278 4.838090
1.322753 0.274002
0.071812 1.979775
3.474771 0.155620
2.685443 3.639327
0.030353 0.256181
4.541998 1.098369
0.465202 1.070607
3.064634 0.645088
1.049824 4.355402
1.816601 1.597215
0.176762 0.328191
0.113474 0.110951
4.575708 0.580031
1.317543 3.615392
2.895745 2.773320
3.453482 3.768856
0.216823 3.525295
0.748631 3.545330
3.631507 4.033195
0.141681 2.329897
3.702433 1.726655
4.983657 3.973386
3.981289 3.379595
3.349789 4.867460
1.341510 0.168667
0.315329 3.067869
1.225883 0.516532
3.266027 0.833198
2.654572 4.583570
4.448590 0.100675
4.526391 2.902072
3.869531 4.743214
1.427367 4.618162
3.288543 0.143825
3.052237 0.473200
4.029113 1.754670
0.576626 0.306031
0.395941 1.198623
2.392365 4.077845
4.888950 4.488710
4.465127 3.468698
0.352727 0.899019
3.133359 3.954370
0.759512 0.039341
3.649332 2.067631
1.442819 2.959004
4.945332 4.844173
4.893050 4.413776
3.808716 3.014154
0.280393 3.633007
2.734313 1.285016
0.253104 0.476211
0.558824 2.576363
2.023709 0.267489
2.219098 2.107801
3.291592 3.928497
0.179926 0.862228
4.916058 0.598657
0.171783 3.079953
0.003741 0.296786
3.210460 2.795201
3.152064 3.687121
4.704093 4.945038
3.610957 4.935174
4.305234 2.442428
0.852833 0.283849
3.433262 4.145558
0.014407 0.524319
0.032105 2.501992
3.683226 4.610684
2.156961 3.773522
3.654389 4.796010
4.775949 3.670101
3.310726 0.066844
2.496357 1.070686
4.007071 4.817558
4.623417 3.496141
0.448841 4.327510
1.015026 2.337086
4.390123 4.979683
2.456105 2.433110
1.005015 0.430542
4.888852 3.144984
3.728756 4.920957
0.630341 3.545613
4.531641 0.061628
0.236707 2.047863
4.857637 0.627357
1.916494 1.260409
0.694200 0.066146
0.039173 4.701271
4.883704 3.250733
4.765794 1.254138
0.813757 0.636822
3.591224 2.037341
0.760504 1.047329
0.481098 0.243477
0.968644 0.952204
4.522728 4.498855
4.272356 3.485941
0.937182 3.563800
4.834484 4.373622
1.997929 2.138433
3.979850 3.854060
0.306796 4.674050
3.920205 0.345969
4.375321 3.803909
3.181589 4.586751
0.058047 1.243920
4.921936 3.649271
2.731038 0.314184
4.696600 2.751710
4.109645 1.056948
2.111012 0.681835
1.146052 1.391271
2.901001 3.647137
0.203170 0.181796
4.833869 0.928485
3.829537 4.417112
4.655517 1.134068
4.927100 3.042102
0.154613 3.061886
2.391891 0.460908
0.224817 4.401485
3.717627 0.010895
0.455381 0.472331
0.127824 4.837487
4.960941 3.058970
0.091483 0.929675
0.293059 3.426272
0.151637 0.230321
3.101754 0.060231
4.770778 4.798815
4.208669 4.914326
3.211783 2.085603
0.150334 4.005940
2.560290 3.457131
2.027152 1.263711
0.448040 0.504087
3.400254 4.952177
4.956688 0.886845
1.047053 4.731030
0.012786 1.737153
1.479695 3.708393
4.426197 3.918359
1.501877 3.748482
3.275557 4.603631
3.808713 3.046335
4.779476 0.887621
2.611730 4.100698
0.385401 0.945475
1.441059 2.097245
0.266924 0.413903
0.950388 4.678638
2.516916 0.011289
3.520606 3.957350
0.947278 4.567659
3.688380 4.017314
4.461298 2.303398
0.327491 0.312537
0.250902 0.769626
0.863475 0.426600
3.223516 0.091986
4.428181 3.516205
4.770079 2.693310
3.291296 1.083663
2.716081 1.675182
3.180907 4.984179
1.979267 0.243066
0.744059 1.267627
4.901518 2.073214
0.838134 1.214880
1.227997 4.095072
4.866110 1.102172
1.818024 0.193601
1.414709 2.302261
1.217458 4.927353
1.958827 0.821768
4.192146 2.862341
4.487216 3.962225
0.555652 2.778512
0.045888 4.109964
0.145235 0.032163
0.038240 0.147984
2.289539 2.552984
4.752767 3.595857
0.920308 0.003468
0.430893 1.528133
0.743440 2.107437
2.274328 0.064732
3.124675 1.582682
1.031060 0.305733
0.143657 2.967964
0.217287 0.008545
0.056303 0.267192
0.343042 4.745381
4.528354 2.114265
4.483653 4.899975
2.913290 1.020311
0.512185 4.687118
4.819091 0.207216
3.550226 0.551770
0.146768 3.438088
0.184003 4.178744
4.868681 0.841202
3.494490 3.789025
3.857111 2.411824
3.046051 0.197740
3.803826 2.678164
0.873772 1.331287
2.762980 0.204144
4.788074 3.445286
0.857393 0.232854
0.019752 4.854397
0.785460 4.855398
0.350310 3.901240
1.617285 3.151135
4.411918 4.656766
4.001382 4.595921
3.835511 3.870064
0.437122 2.330001
2.659088 3.254907
4.284929 0.705139
3.452647 3.088755
3.383303 4.326420
4.420042 0.509518
0.082386 4.208117
1.248913 2.322935
0.008998 0.007107
0.518233 3.494637
2.074407 0.073345
3.880836 0.708940
0.018927 3.290595
4.646571 0.307106
4.505394 4.526750
2.596455 4.444901
2.312543 0.713492
1.306532 0.036559
0.026063 3.330086
0.190152 1.960208
2.685289 3.983887
4.270018 1.927311
1.006400 3.378918
0.200521 0.041795
2.377719 0.908021
0.205084 4.712276
4.771291 4.209193
4.100748 4.066912
4.952642 2.939794
2.363914 0.292012
0.614350 4.530981
1.095677 0.876578
4.357135 0.099903
4.908393 4.888429
2.583949 2.286635
3.803026 4.394415
4.084918 3.227141
1.287267 0.091319
1.606059 4.119897
0.538689 3.959534
3.013781 4.647367
1.538028 4.055037
0.389330 2.183951
0.403956 4.056325
3.468281 4.040943
2.013077 3.962913
3.270600 4.806541
1.010424 3.234721
2.139068 1.246316
4.761310 1.224057
4.717017 0.725698
4.721509 2.110627
3.950360 2.496927
0.178311 3.330543
1.105943 4.813248
0.483380 2.206565
0.215453 1.639255
0.158276 3.716854
0.253626 1.199069
0.092150 4.147260
1.435237 2.242947
1.079761 0.170467
3.747430 1.200414
0.230663 1.291007
4.465616 3.683106
0.918440 4.100479
4.221350 4.281413
4.676898 3.171711
1.778339 4.855208
0.042787 1.545724
0.519349 0.045662
0.608585 3.890714
4.485956 0.598036
1.472267 4.739583
0.182968 2.641045
3.949183 3.722580
2.867879 0.849437
3.612303 3.452696
4.297273 2.105651
0.594412 2.238123
0.164717 0.172930
3.402593 4.340664
3.793974 4.924388
2.918088 0.787828
2.655487 4.477734
0.620559 0.244056
1.425014 0.931384
3.511646 0.910971
1.529420 4.983912
0.458596 4.867979
1.799233 4.244356
0.794800 2.696656
0.491590 2.095102
3.834042 4.788862
4.200753 0.010622
1.829765 4.916042
3.844150 4.953145
4.719811 4.755407
2.753423 2.695291
4.716947 1.295206
4.065825 4.990221
4.779132 2.223374
3.817410 1.878590
4.414104 4.322025
2.989977 0.418135
0.031529 4.815919
0.585760 3.514328
0.197264 1.077349
0.609431 4.031306
0.866212 4.810184
4.041928 4.646498
4.371245 4.177073
1.724354 3.532296
3.106192 3.936645
0.092784 2.823139
4.154774 0.166922
0.023405 0.034809
3.764961 0.178404
4.996701 3.273971
0.091587 0.161563
4.264792 0.802241
1.049809 2.574489
4.214588 4.645804
2.567341 0.180129
3.454153 1.088364
0.096010 0.578607
4.761649 1.035293
0.692729 1.360572
2.562484 4.561707
4.681535 2.655268
2.384847 4.913385
1.813877 0.198206
4.924368 3.195861
3.865845 0.195125
2.283622 4.630430
0.159317 0.778005
3.930220 3.772083
2.936841 3.144808
3.417888 1.559195
3.688526 3.178593
4.391080 4.894997
0.378535 4.694312
0.302110 4.310143
3.125885 3.764135
2.136014 0.090792
3.841903 0.289604
4.499633 4.086594
2.171343 0.379060
3.819840 4.492205
0.664685 0.379867
2.850821 3.402961
1.074213 2.043921
0.716997 0.227568
4.925849 0.592932
0.593060 3.614375
3.771524 4.984141
3.509372 4.040029
3.246403 0.189635
0.571701 0.337255
3.953770 0.295607
3.171089 0.668813
0.263627 2.550275
1.330005 4.904651
0.191102 4.978513
1.302546 1.084256
0.004365 0.000425
0.680405 0.621616
3.567342 1.055017
0.489269 2.529109
1.991374 0.713059
0.131815 0.128632
1.066470 4.652857
4.838276 4.312872
1.688554 0.372701
4.920531 3.956270
2.737558 4.152063
1.632049 4.809144
3.272447 4.444936
4.429723 4.997513
3.431330 0.754040
1.944001 4.621679
1.903500 0.060191
0.974533 4.605515
0.091501 1.822340
0.562087 0.386840
0.429212 3.873021
3.065865 4.015456
2.948430 4.302423
0.611469 3.234430
1.548010 0.473044
0.727715 0.263341
1.695419 2.994921
3.303199 0.123528
1.469123 2.251348
4.686746 4.921838
0.542730 2.399413
4.671797 0.815981
1.047079 1.436725
3.631378 1.050073
0.294785 4.892363
3.593482 1.912844
4.940458 3.712190
0.358309 3.050132
0.695448 2.732131
3.874537 0.015134
4.617896 1.392155
0.896337 0.474846
0.284733 0.129235
0.653606 2.639007
3.730094 2.809293
3.346273 0.083670
0.213002 0.074536
0.913459 0.249207
3.381611 4.544837
1.299280 3.676396
4.437200 4.892762
0.589239 4.377657
0.152901 0.089468
0.067737 3.064097
3.679679 4.550610
0.023508 0.831338
3.464834 1.693134
4.075711 2.952400
1.220979 0.130961
1.334601 0.276641
0.338653 4.537715
0.117503 4.482348
3.393568 4.732308
0.564073 2.680766
3.622389 1.586515
1.549979 3.647223
1.034063 0.899664
2.373218 4.703893
0.826637 4.713593
4.923284 1.633479
4.694210 4.770608
0.103836 4.154984
2.015934 0.699033
4.443075 4.929968
4.638059 1.377557
0.098625 0.545269
0.209135 0.181258
4.459061 4.308841
0.381286 0.337599
4.472178 3.959178
1.902996 4.077845
3.444718 0.978817
3.542402 2.705393
0.299782 2.363708
0.005410 0.842317
0.706296 2.712255
2.202626 2.066394
0.668404 1.834760
0.426907 4.924279
4.437181 1.363648
2.860853 0.382180
4.923897 2.636113
0.052350 0.175298
0.336853 0.606696
3.880638 0.220236
1.226025 0.183221
0.719754 0.252016
0.045337 0.020018
3.550681 0.377233
4.798700 0.812057
2.242461 2.055761
3.534652 4.014157
4.896116 4.015856
2.077346 0.323022
4.300663 0.003493
4.748584 0.848153
1.136898 3.680496
0.510537 0.324180
3.855793 3.401176
3.019962 0.366019
3.975948 0.675948
0.051520 1.116786
0.435171 0.794183
4.543503 0.185663
2.662581 4.342203
0.573955 1.481327
1.397964 4.532373
4.921573 3.061057
4.021362 0.074288
0.760332 3.533105
3.450930 4.486034
0.888879 3.260855
0.076575 0.001523
3.376281 0.279302
4.796304 2.403077
0.024824 0.277827
3.280148 4.179510
0.120735 4.827754
0.475567 4.664238
0.013418 3.138148
4.006441 1.011138
0.462604 0.417262
0.010478 0.252899
1.698485 4.091741
2.958935 3.315587
0.890005 4.541395
3.754523 2.895502
1.229929 4.727455
1.483195 4.911781
3.682708 0.814680
2.026201 4.611753
0.758310 0.128633
0.441939 4.551247
0.057315 2.477999
4.254167 0.021240
1.716795 0.970975
4.415674 2.060434
4.454938 3.231106
2.839175 1.466328
1.399507 0.081840
0.150971 4.264417
0.128990 0.195482
3.990787 0.366670
0.002080 0.533090
0.294578 3.323743
4.868250 1.474813
4.680606 1.638725
0.012437 1.564911
1.847863 2.839149
2.316946 0.046076
1.418046 4.474382
0.005030 1.688766
3.786104 4.267627
3.670917 4.155127
1.056882 1.592074
3.568013 3.585502
4.282739 0.311272
4.232885 0.027271
4.895221 0.000331
0.968130 4.838508
0.380739 1.763806
1.279995 4.926382
3.129781 4.967404
4.942121 0.865306
3.217248 4.627261
4.523118 2.029517
4.838703 0.877687
4.709289 0.300747
4.922762 4.516708
3.291380 2.412240
3.777428 4.850951
1.682556 2.618566
4.296906 4.745873
0.273681 3.108109
0.802153 1.898487
0.677741 3.482287
3.081598 0.924957
1.476924 0.025950
4.626677 0.011668
0.440925 3.026732
0.992356 4.964043
0.056249 0.831059
0.841730 4.765538
0.283516 0.453252
4.282247 4.423186
3.176732 3.059675
0.937101 1.656611
1.759076 3.707119
4.098632 0.407782
2.888895 0.088283
0.203569 4.985835
3.296826 4.979301
1.349173 3.424629
0.066843 2.219189
0.823237 3.632951
4.467679 0.019592
1.326801 4.449032
0.216797 0.151417
2.026002 0.029576
0.658812 4.568038
2.180779 3.499163
3.530952 3.390419
4.469717 0.267295
0.187116 4.606787
4.431581 4.707487
3.338013 4.635151
4.693322 1.634839
4.614452 1.042495
0.059468 4.822189
0.738924 2.959488
0.565842 0.184744
1.284467 0.050220
2.327158 4.598377
0.333735 3.175834
1.778993 2.119109
2.744934 4.232310
3.669459 1.382465
0.185722 2.213829
0.095118 0.619311
0.057282 1.482622
1.000745 0.858215
0.607243 0.595316
2.090365 0.490891
3.387303 4.197058
3.571887 4.683910
2.290586 3.596050
1.353109 0.202713
2.386795 4.589283
0.445579 3.805587
1.748216 0.898588
4.989293 4.388397
0.733457 0.357270
0.778606 0.191801
2.655153 0.094204
4.449065 3.193827
1.163074 0.422629
4.052042 2.690213
1.133762 2.479452
1.701870 4.432429
1.153103 0.273757
4.294739 0.112162
3.869806 1.406486
3.101045 0.004725
0.995768 4.787998
4.751981 2.743984
0.835549 1.347079
2.132381 4.547207
0.296319 3.205749
4.732481 3.407003
3.254003 4.181546
1.570412 0.418469
4.062501 0.471417
3.027187 0.676481
0.421332 3.751071
0.108910 3.762020
0.002813 4.225249
2.205708 3.872619
0.631735 0.944972
0.129220 1.627503
0.732970 4.881201
4.371488 1.419556
4.622476 1.503869
0.161463 4.654140
4.522111 0.699243
0.633834 0.300664
4.880788 4.931130
3.113088 4.512144
0.584001 1.140275
0.188625 3.192918
0.869331 0.297535
2.351879 0.089831
4.522784 4.160645
4.744763 0.154519
0.105617 4.873983
1.194460 0.400031
0.281242 0.004420
4.240116 3.149488
2.755233 1.296778
3.903519 3.565835
1.413118 2.229563
0.647857 0.526058
4.686082 2.078222
2.473008 4.707803
3.192921 0.036919
1.395334 1.996371
0.024432 0.142966
3.404430 3.939109
4.993570 4.642780
1.469427 0.027183
4.157269 4.983671
0.461693 0.488340
4.996281 4.701809
3.637828 2.751515
1.294314 1.622401
0.866917 0.736098
4.770909 3.105207
3.244473 3.918318
0.183429 0.465294
4.164795 4.555390
0.244321 0.192778
1.551762 1.227959
0.703095 4.956192
0.167067 0.696665
4.598972 3.956279
0.758327 3.756242
0.307662 1.062235
4.244581 3.936231
0.921828 2.882409
1.687745 1.920415
0.342543 2.478890
4.332119 0.194665
1.110302 2.324405
4.651657 1.293731
2.789699 3.816451
0.849122 3.993226
4.376580 2.400883
0.221185 0.079675
2.357075 0.388253
0.591269 2.520888
2.668900 1.694455
0.712289 3.284481
1.557433 3.072339
2.220712 3.676514
2.839280 3.908458
0.596929 3.263035
1.913553 4.929048
3.457700 3.023855
2.253453 3.109356
4.317586 0.043152
0.358678 0.108682
4.078016 0.054904
2.567591 4.257564
1.382063 4.924666
4.645816 2.158404
1.880714 3.990347
3.310869 3.258478
4.480989 4.987756
1.978367 4.873851
1.961226 1.483806
4.720778 3.350673
2.765545 4.220596
3.182166 4.378927
3.813528 0.166846
2.396795 3.561791
0.693348 2.418170
4.500935 4.693183
4.241919 1.667973
0.056300 4.328630
0.694855 0.420765
0.333806 4.995092
1.478363 3.769083
0.025684 0.106432
4.439923 2.091221
0.141488 0.595853
0.786258 1.005255
3.946526 4.263711
4.075259 1.499862
3.642639 2.592931
0.960915 0.216123
1.303897 0.262333
4.920941 0.804832
4.955516 3.058602
3.614962 0.127473
3.637409 0.035170
0.548238 3.198254
4.304908 2.026601
1.967336 1.832690
2.294238 0.194773
1.338840 2.435725
0.941607 2.530512
2.297991 4.737152
2.417423 1.563785
1.865843 0.743357
4.003803 0.293099
1.526447 0.012605
4.375189 1.275926
1.082513 4.330705
4.141226 1.542913
3.044485 3.856330
4.869456 1.119435
1.493023 3.978711
1.865519 4.303731
0.897370 0.165753
1.105291 3.804631
3.571128 1.991782
0.994672 0.080325
3.915934 2.326510
0.654991 3.986651
3.719309 1.381378
0.304814 3.548600
2.961953 1.991406
3.258285 0.453411
4.626461 4.881985
0.424782 2.670946
3.738315 0.294238
1.971786 0.020274
4.272949 0.655899
4.535070 1.129339
0.840992 0.640361
4.933969 4.412120
0.076085 0.002517
3.620200 1.461771
3.583300 4.275191
0.448422 3.268850
1.055854 0.753235
0.778533 3.855080
2.806533 0.044127
4.089886 2.532351
4.957721 4.514668
0.203297 3.696036
4.808905 3.993677
3.927375 4.081854
3.074111 4.145527
0.211193 0.490568
4.102806 0.145162
4.902688 1.734950
1.133305 3.522887
3.196721 4.716606
2.798078 3.645143
1.137438 4.710579
4.398378 4.802907
2.490407 2.304269
4.878642 1.580293
4.836620 4.836363
1.094960 0.039917
3.532400 0.903866
4.033594 2.459775
4.985720 3.683169
0.922220 0.196912
4.639499 0.038593
0.342074 4.076425
1.759976 1.475379
2.599312 4.956697
1.191985 0.397391
0.403577 1.221940
4.251323 3.000218
3.980348 1.741731
0.057766 0.294155
1.562221 4.995983
0.825446 0.496732
0.574005 2.172275
0.165965 0.804882
1.018651 4.088378
3.214697 1.421389
4.103652 1.169931
0.385545 1.848538
1.467335 2.646709
4.857734 1.093968
4.130097 0.703828
4.959701 3.476621
1.184994 0.631313
0.526777 3.384376
4.969543 3.943482
2.787855 3.238112
4.024437 3.437875
3.965573 2.723119
2.362721 0.647687
4.913215 4.768991
0.906606 4.142231
4.219652 4.504823
2.022005 3.122343
1.143279 0.406124
4.641119 1.085119
2.655078 0.337119
2.672172 1.530866
3.573301 4.954566
0.521343 0.477944
2.146591 0.283369
4.421426 4.625030
3.728998 3.445863
3.062905 3.460151
2.903758 0.690038
4.382802 3.077677
2.181778 1.003492
0.442452 1.139582
0.508314 2.994512
4.523773 1.651593
1.798602 2.103795
2.736712 1.055714
4.502011 0.350418
4.144701 3.075311
0.304983 4.666044
4.518024 3.121389
0.156931 2.974682
1.767188 3.885929
1.420545 4.830093
2.346080 4.585007
2.242881 1.728882
2.662685 4.424659
2.186975 0.219978
0.826089 3.240688
1.629703 0.349861
4.892282 0.030339
4.514753 2.628994
0.707321 0.934822
3.295936 0.241342
2.092075 3.284395
4.896797 0.645330
0.426553 0.053728
3.620012 2.193741
3.939657 0.040557
2.023834 1.285736
4.625563 4.266715
3.014618 2.288248
3.691374 0.746993
0.923439 4.517463
3.987681 2.553142
4.043414 1.491828
2.583481 4.382077
1.759515 3.418577
0.095010 0.640890
2.168959 0.114602
4.806304 2.771504
4.051028 3.090376
1.937717 2.985197
1.475405 4.340282
2.473960 4.764252
2.653233 2.792379
4.212587 2.748168
3.010257 2.216419
4.000821 3.889923
2.181286 1.052987
4.957758 2.859808
3.365840 0.652144
3.340887 0.125355
4.070721 2.806700
1.008032 0.493022
0.226179 2.536120
0.225250 4.689365
0.119815 3.069235
2.977622 1.776461
2.524872 2.353487
0.328051 1.838554
3.933461 2.849083
2.525124 4.322429
3.614933 4.899849
0.489634 1.452707
0.671444 2.506552
2.285010 0.358644
1.191162 1.193627
1.007631 4.876728
4.711529 1.378412
1.569184 1.502498
1.715707 4.226752
0.010410 2.244552
2.295987 2.198458
3.611983 0.631582
2.047861 1.945971
1.892237 0.981322
4.795054 4.417361
0.162809 4.593107
4.317210 0.218276
0.166534 3.636206
3.450334 2.451544
3.994850 4.511926
4.130130 0.491559
0.940023 3.068754
1.869972 2.230622
1.054997 4.768906
1.457373 2.593966
0.041016 0.396827
4.482647 1.940825
1.568055 3.673225
3.875807 2.276313
0.045217 3.766495
3.822204 0.565360
4.625969 0.924904
0.998585 3.708570
3.582289 2.588788
4.986761 4.890294
0.301764 1.319076
0.059404 4.425243
4.096118 1.460378
0.866756 2.499563
0.755728 0.393821
1.980560 4.059406
0.830767 1.463207
0.702104 2.499088
4.668418 4.876037
0.396851 4.739484
2.855232 4.605603
1.530318 2.481202
0.530507 2.528903
1.189772 4.780773
0.274151 0.353970
4.671066 0.620760
3.778916 4.730471
0.046003 2.875034
1.587986 1.151790
0.045340 0.795435
4.585221 2.355158
3.819013 0.415988
3.818365 4.819243
3.417838 3.218054
4.695281 3.933377
3.226267 2.550513
3.538980 4.756586
0.031715 4.069487
2.285489 1.221487
0.128947 0.817182
2.398019 3.521326
3.316674 1.176935
1.984965 1.356641
4.051969 4.442645
3.258117 4.972536
2.502636 3.417521
1.781725 3.021266
4.276643 0.600090
2.840509 2.813169
4.086873 2.535789
1.799837 2.937562
0.086302 0.285525
2.069726 0.118017
4.355012 4.355215
1.339504 3.205272
2.051129 3.737523
1.726598 0.367803
2.346518 4.442247
3.730479 3.966427
4.421040 3.005913
3.392993 3.623292
1.866569 0.174718
1.644558 1.143212
0.568595 2.569948
3.956381 4.861680
2.020857 0.702926
0.936483 2.165639
0.988451 4.244546
2.225177 0.343463
3.599761 3.564681
3.519210 0.071992
2.302203 0.275333
1.018693 2.216661
0.253728 4.749172
0.752060 4.815924
2.755085 4.576081
2.033159 4.159249
4.750798 4.942619
0.668314 0.473508
4.427686 4.721248
0.387286 1.448543
0.236156 2.434680
3.555703 1.412625
1.806653 0.780879
0.055843 0.063277
4.345560 0.304824
1.057304 1.647763
0.580157 2.075997
3.864424 0.833885
2.689323 0.011682
0.508653 4.580254
3.818948 1.996482
4.201909 4.374390
3.663886 4.544329
0.275049 0.324589
4.688024 0.287282
4.625562 0.112197
2.849388 3.181265
1.524822 4.656041
2.968648 0.575317
0.062454 3.307704
3.585734 1.119758
4.955467 4.165891
3.195755 3.819891
4.999776 0.020923
3.867402 0.508430
4.601177 3.490994
4.315144 3.803086
2.865384 3.064476
3.769861 2.765379
0.042576 4.015972
2.792003 0.107428
3.570082 0.902049
4.048323 0.094904
0.246121 2.597337
3.375815 0.620544
1.801561 1.407553
1.356560 1.213123
1.127441 4.936058
0.093529 1.127217
4.956981 3.960931
1.635647 4.558158
2.302049 0.188214
3.361244 0.317308
4.015266 2.131105
3.082687 0.256762
0.588990 1.135348
1.123820 4.159072
2.937743 0.162219
2.715211 2.603740
3.182609 2.629791
3.216032 4.500781
4.591341 4.956334
0.728998 0.497698
4.892392 0.867948
1.845998 4.849372
4.828879 3.481645
4.407530 2.280803
4.282222 2.224608
3.655845 0.573118
4.899880 0.680799
4.434076 0.667788
1.816147 4.828284
4.647942 3.853545
0.000449 4.766301
1.449032 3.183036
1.531709 4.665063
3.697030 1.517658
1.440755 3.983077
0.252537 3.507346
4.326183 3.687830
4.363161 4.155063
2.169475 3.770691
1.435866 1.601910
1.539466 4.033978
0.049612 1.439346
4.714777 3.754076
1.928216 1.530924
0.014620 4.874846
4.226246 2.512336
4.791048 1.395136
4.862326 4.293396
0.611603 0.805958
3.305990 2.856869
4.503246 4.875382
3.672020 0.254525
2.607681 3.935382
0.616533 1.074468
3.889983 3.321561
1.250876 1.908042
0.084763 0.871880
4.669932 3.757748
0.318022 3.765001
4.438060 3.323004
2.480098 3.664305
0.835340 2.271146
0.059442 0.697666
1.564541 1.431647
4.866590 4.870531
4.288516 4.369836
4.745913 2.960536
4.624361 2.353594
2.110491 1.690263
3.493462 0.088120
0.463066 4.957651
1.435338 1.435968
3.286866 0.233864
1.884907 0.080638
4.848239 4.180251
4.204108 2.328336
2.844557 0.039448
3.162685 2.833467
0.370996 1.728848
4.335645 0.603703
1.034554 3.624161
3.623882 0.968820
1.072547 4.080711
4.161688 3.447371
1.298337 0.198536
3.663027 3.037374
0.752102 1.450360
4.263247 3.535117
4.082558 2.929106
0.157009 3.930797
2.109357 4.361117
1.259133 4.953914
4.400565 0.858615
3.990326 3.801289
2.830157 0.134882
3.306221 0.487482
4.220598 0.337205
3.990961 1.881223
2.128301 2.003090
3.113668 0.068629
0.355842 1.685536
1.983176 1.483098
2.903895 4.730907
2.868352 3.515161
4.885562 0.749176
2.193963 0.551807
4.945497 4.191090
0.218775 3.860033
0.235407 4.209101
2.661322 3.065563
4.343983 0.967543
3.553046 3.564581
1.304749 2.544007
0.445803 3.433050
1.685662 1.862393
3.501679 4.902939
0.212467 0.441089
2.147129 3.727291
4.270389 1.843473
4.798967 4.641111
1.696826 4.801441
3.033401 0.121808
0.274789 1.238939
4.526333 3.183268
4.847089 3.279049
2.326128 2.332550
2.773146 4.526180
0.638333 0.964635
0.221887 0.628080
3.504007 3.573327
2.929948 1.078078
0.300017 4.668120
2.762017 3.058072
3.395411 2.177239
1.517865 4.438395
0.070683 1.960076
4.103410 0.554359
1.507040 3.537886
4.725812 0.407925
4.621769 3.954782
0.264745 0.419073
0.306176 3.945139
1.332710 2.534945
0.382804 2.711581
4.923939 1.842550
4.961092 1.141956
4.488337 0.049136
3.555457 2.738275
0.146989 4.243721
3.583890 3.177668
4.353249 4.729679
0.187188 3.456659
0.284038 2.185889
2.103731 0.009851
2.593813 1.725500
4.045693 4.757500
1.321483 1.556110
4.965199 4.819181
2.056098 3.915605
0.764017 0.991461
0.056600 0.192986
1.921669 1.845374
3.539331 0.091729
4.811271 1.658785
3.650545 4.155224
2.315837 4.262178
4.978558 0.514053
0.784655 2.934405
1.202495 1.267091
3.894672 3.190258
3.994007 2.940365
2.947758 0.315491
4.496475 2.912956
0.134672 1.552574
2.945708 4.072223
1.839673 2.180424
4.601777 4.465703
3.715705 3.141109
4.557433 3.526975
4.799893 3.207978
2.682199 2.115731
2.470156 2.660757
2.629784 3.254811
0.595162 3.832279
4.521902 4.489834
2.022536 3.515909
2.430199 4.970294
3.831400 1.926675
2.883250 3.966073
3.479249 4.711811
4.864762 1.023283
1.582143 4.466539
0.488986 0.297848
2.607648 0.046419
3.824823 2.407542
3.254397 1.507022
4.523272 0.724553
4.167779 2.153056
3.979363 4.762941
0.985335 3.501265
4.252776 3.007871
0.605981 0.487900
2.978165 0.848574
3.609650 0.861416
4.814647 2.088899
0.573227 4.679409
4.308231 1.768986
4.145947 3.601168
2.453217 1.753595
3.647587 1.278040
4.161137 1.901984
2.785062 3.684409
2.626536 1.952841
0.431588 1.810714
1.715782 1.822800
0.107165 0.968558
4.830671 2.124339
2.651533 2.808837
2.972913 1.261183
3.670253 2.787559
3.350082 4.243480
0.659860 0.124147
1.785146 1.406149
0.063432 3.852067
3.366511 3.711019
0.065175 3.313865
0.613003 2.915169
1.212057 3.239540
4.868010 2.049522
1.957619 2.275634
3.872322 4.952604
2.552350 3.702993
2.076943 0.203883
1.204416 0.005497
1.465066 0.182082
2.837416 4.815147
4.425562 0.304383
1.277411 0.824411
1.917299 1.340842
4.676477 0.283810
0.051861 4.806584
2.811457 0.664865
2.721753 4.023514
4.124866 0.633992
1.073036 3.749844
4.921458 3.502690
0.390690 4.916934
4.630702 4.983038
4.384939 3.291715
1.358994 1.273403
0.236595 4.818604
4.124899 1.570712
2.300219 1.226492
3.873164 2.250146
4.082555 3.202097
1.134338 3.093094
0.522767 2.735323
4.767223 4.772676
3.413905 1.904546
2.041198 3.462327
4.199227 4.560365
4.025521 2.901676
1.286269 2.673871
3.129535 3.986416
2.834051 4.510316
1.610908 3.176313
3.176980 4.820907
1.443031 0.139265
0.407683 3.685337
3.036373 0.136571
3.805083 4.208529
1.016685 3.880380
2.730599 2.151525
1.677429 1.199269
3.011048 2.064240
0.279432 2.210275
1.624605 4.304952
0.070459 1.111523
1.875639 4.211530
0.370167 2.854411
1.689805 0.342712
2.989188 1.480315
2.558744 0.933325
3.628342 1.867061
4.469696 1.664715
1.762529 4.926841
0.873244 3.020318
0.932502 2.580061
0.581982 3.832588
0.189327 2.736553
0.896827 0.544086
1.183364 2.834418
4.849038 0.915255
0.432306 1.827862
4.708273 1.559235
1.640736 3.011608
4.297071 4.629924
4.491922 1.855815
0.177929 0.351592
3.722876 0.032945
4.784979 0.726508
0.014192 0.222634
3.746826 0.462883
4.723609 4.328808
4.295471 4.988263
2.921837 0.192299
0.532349 3.725141
2.713731 0.381387
4.151272 4.141152
0.940045 2.456863
4.705271 3.849985
2.360277 4.002343
4.574970 0.195626
0.858157 4.043158
4.972463 4.581034
4.076103 4.757443
0.197228 2.806041
0.622832 4.713545
0.076130 2.236022
0.448737 4.428977
4.441312 3.579719
0.290977 3.350370
3.949676 1.094243
2.223588 0.473612
0.960795 0.992993
4.650124 4.182592
1.370007 4.573350
1.994590 1.199279
1.809045 1.699645
1.470777 0.132694
4.209498 0.104679
1.485401 3.127336
0.153468 2.108233
2.840881 0.324699
0.277537 3.289618
4.753676 4.718850
1.869337 0.044653
3.857265 0.881432
1.138896 0.204530
4.998373 2.099691
0.256148 4.031103
4.548859 0.696277
1.490572 1.450721
1.276695 4.722267
4.210740 0.900272
3.795036 0.892794
4.599951 0.888026
4.200389 0.683457
4.265294 0.903352
4.613674 2.781837
0.989492 0.686073
1.425918 2.380644
4.092952 0.729888
3.801951 2.548043
1.075132 4.893808
4.197381 4.670900
0.004884 3.746240
0.367177 1.495456
0.196961 1.643872
1.217723 4.407701
2.544144 4.144148
0.959494 2.144095
0.032175 0.159883
2.827552 4.297469
1.199339 3.393270
2.586727 2.818661
3.127299 3.505224
4.433372 2.220251
4.235111 3.235322
4.768293 0.310243
3.129130 3.965675
4.981143 3.134015
2.711915 0.348320
4.629471 2.908875
