4675.824707
0.479988 0.001430
0.049002 4.924896
3.186199 0.003133
0.000698 1.261954
0.000913 0.002903
4.880874 0.023429
0.927991 4.951116
0.012540 4.965509
4.967754 0.024025
4.049579 4.980635
0.011985 3.351718
3.994228 4.979048
4.974475 0.100634
4.336729 0.010639
4.972826 2.922974
2.094532 0.000487
4.939127 0.032119
4.819934 4.912710
0.001615 0.034221
4.927773 4.038553
0.015707 0.448292
4.977559 4.698363
0.128135 4.992407
4.942736 2.064419
0.159589 0.000553
4.858780 4.952965
0.014314 4.891032
0.005181 4.787665
0.001245 0.192603
0.000129 0.009081
0.970569 0.001964
0.779180 4.833912
4.943600 0.913730
0.070692 0.002192
4.988995 0.270288
4.730631 4.997543
4.975334 4.921143
2.213180 4.927956
0.238061 4.991650
0.001904 4.991306
4.672392 4.987257
4.079411 0.007157
4.994249 4.281093
4.958745 0.038212
0.359310 4.946249
0.000220 0.000327
0.009350 4.188938
4.977956 0.002312
4.997044 4.868186
0.001141 2.369067
